# Blender v2.93.4 OBJ File: 'giftboxes.blend'
# www.blender.org
mtllib giftboxes.mtl
o Cube
v 1.164363 0.953251 -1.237988
v 1.164363 -1.046749 -1.237988
v 1.164363 0.953251 0.762012
v 1.164363 -1.046749 0.762012
v -0.835637 0.953251 -1.237988
v -0.835637 -1.046749 -1.237988
v -0.835637 0.953251 0.762012
v -0.835637 -1.046749 0.762012
vt 0.875000 0.500000
vt 0.625000 0.750000
vt 0.625000 0.500000
vt 0.375000 1.000000
vt 0.375000 0.750000
vt 0.625000 0.000000
vt 0.375000 0.250000
vt 0.375000 0.000000
vt 0.375000 0.500000
vt 0.125000 0.750000
vt 0.125000 0.500000
vt 0.625000 0.250000
vt 0.875000 0.750000
vt 0.625000 1.000000
vn 0.0000 1.0000 0.0000
vn 0.0000 0.0000 1.0000
vn -1.0000 0.0000 0.0000
vn 0.0000 -1.0000 0.0000
vn 1.0000 0.0000 0.0000
vn 0.0000 0.0000 -1.0000
usemtl Material
s off
f 5/1/1 3/2/1 1/3/1
f 3/2/2 8/4/2 4/5/2
f 7/6/3 6/7/3 8/8/3
f 2/9/4 8/10/4 6/11/4
f 1/3/5 4/5/5 2/9/5
f 5/12/6 2/9/6 6/7/6
f 5/1/1 7/13/1 3/2/1
f 3/2/2 7/14/2 8/4/2
f 7/6/3 5/12/3 6/7/3
f 2/9/4 4/5/4 8/10/4
f 1/3/5 3/2/5 4/5/5
f 5/12/6 1/3/6 2/9/6
o Cube.001
v 0.359482 0.953251 -3.816737
v 0.359482 -1.046749 -3.816737
v 1.082243 0.953251 -1.951900
v 1.082243 -1.046749 -1.951900
v -1.505354 0.953251 -3.093976
v -1.505354 -1.046749 -3.093976
v -0.782593 0.953251 -1.229139
v -0.782593 -1.046749 -1.229139
vt 0.875000 0.500000
vt 0.625000 0.750000
vt 0.625000 0.500000
vt 0.375000 1.000000
vt 0.375000 0.750000
vt 0.625000 0.000000
vt 0.375000 0.250000
vt 0.375000 0.000000
vt 0.375000 0.500000
vt 0.125000 0.750000
vt 0.125000 0.500000
vt 0.625000 0.250000
vt 0.875000 0.750000
vt 0.625000 1.000000
vn 0.0000 1.0000 -0.0000
vn 0.3614 0.0000 0.9324
vn -0.9324 0.0000 0.3614
vn 0.0000 -1.0000 -0.0000
vn 0.9324 0.0000 -0.3614
vn -0.3614 0.0000 -0.9324
usemtl Material.001
s off
f 13/15/7 11/16/7 9/17/7
f 11/16/8 16/18/8 12/19/8
f 15/20/9 14/21/9 16/22/9
f 10/23/10 16/24/10 14/25/10
f 9/17/11 12/19/11 10/23/11
f 13/26/12 10/23/12 14/21/12
f 13/15/7 15/27/7 11/16/7
f 11/16/8 15/28/8 16/18/8
f 15/20/9 13/26/9 14/21/9
f 10/23/10 12/19/10 16/24/10
f 9/17/11 11/16/11 12/19/11
f 13/26/12 9/17/12 10/23/12
o Cube.002
v -1.659999 2.595223 -1.137320
v -1.659999 -1.080484 -1.137320
v -0.318765 2.595223 2.276161
v -0.318765 -1.080484 2.276161
v -3.798389 2.595223 -0.297098
v -3.798389 -1.080484 -0.297098
v -2.457156 2.595223 3.116383
v -2.457156 -1.080484 3.116383
vt 0.875000 0.500000
vt 0.625000 0.750000
vt 0.625000 0.500000
vt 0.970996 0.823012
vt 0.976090 0.958601
vt 0.923433 0.884820
vt 0.632382 0.290372
vt 0.382382 0.540372
vt 0.382382 0.290372
vt 0.274108 0.017687
vt 0.024108 0.267687
vt 0.024108 0.017687
vt 0.995384 0.995474
vt 0.005474 0.009787
vt 0.994885 0.005284
vt 0.625000 0.250000
vt 0.375000 0.500000
vt 0.375000 0.250000
vt 0.875000 0.750000
vt 0.974431 0.821363
vt 0.981814 0.931098
vt 0.918833 0.837588
vt 0.632382 0.540372
vt 0.168294 0.218471
vt 0.005696 0.994587
vn 0.0000 1.0000 0.0000
vn 0.3657 0.0000 0.9307
vn -0.9307 0.0000 0.3657
vn 0.0000 -1.0000 0.0000
vn 0.9307 0.0000 -0.3657
vn -0.3657 0.0000 -0.9307
usemtl Material.002
s off
f 21/29/13 19/30/13 17/31/13
f 19/32/14 24/33/14 20/34/14
f 23/35/15 22/36/15 24/37/15
f 18/38/16 24/39/16 22/40/16
f 17/41/17 20/42/17 18/43/17
f 21/44/18 18/45/18 22/46/18
f 21/29/13 23/47/13 19/30/13
f 19/48/14 23/49/14 24/50/14
f 23/35/15 21/51/15 22/36/15
f 18/38/16 20/52/16 24/39/16
f 17/41/17 19/53/17 20/42/17
f 21/44/18 17/31/18 18/45/18
o Cube.003
v -1.431548 2.595223 -4.897322
v -1.431548 -1.080484 -4.897322
v -1.605745 2.595223 -1.156875
v -1.605745 -1.080484 -1.156875
v -3.670502 2.595223 -5.001593
v -3.670502 -1.080484 -5.001593
v -3.844699 2.595223 -1.261146
v -3.844699 -1.080484 -1.261146
vt 0.875000 0.500000
vt 0.625000 0.750000
vt 0.625000 0.500000
vt 0.375000 1.000000
vt 0.375000 0.750000
vt 0.625000 0.000000
vt 0.375000 0.250000
vt 0.375000 0.000000
vt 0.375000 0.500000
vt 0.125000 0.750000
vt 0.125000 0.500000
vt 0.625000 0.250000
vt 0.875000 0.750000
vt 0.625000 1.000000
vn 0.0000 1.0000 -0.0000
vn -0.0465 0.0000 0.9989
vn -0.9989 0.0000 -0.0465
vn 0.0000 -1.0000 -0.0000
vn 0.9989 0.0000 0.0465
vn 0.0465 0.0000 -0.9989
usemtl Material.003
s off
f 29/54/19 27/55/19 25/56/19
f 27/55/20 32/57/20 28/58/20
f 31/59/21 30/60/21 32/61/21
f 26/62/22 32/63/22 30/64/22
f 25/56/23 28/58/23 26/62/23
f 29/65/24 26/62/24 30/60/24
f 29/54/19 31/66/19 27/55/19
f 27/55/20 31/67/20 32/57/20
f 31/59/21 29/65/21 30/60/21
f 26/62/22 28/58/22 32/63/22
f 25/56/23 27/55/23 28/58/23
f 29/65/24 25/56/24 26/62/24
o Cube.004
v 2.011022 -0.217943 -3.154845
v 2.011022 -1.038700 -3.154845
v 1.967996 -0.217943 -2.278047
v 1.967996 -1.038700 -2.278047
v 1.056704 -0.217943 -3.201674
v 1.056704 -1.038700 -3.201674
v 1.013679 -0.217943 -2.324876
v 1.013679 -1.038700 -2.324876
vt 0.875000 0.500000
vt 0.625000 0.750000
vt 0.625000 0.500000
vt 0.375000 1.000000
vt 0.375000 0.750000
vt 0.625000 0.000000
vt 0.375000 0.250000
vt 0.375000 0.000000
vt 0.375000 0.500000
vt 0.125000 0.750000
vt 0.125000 0.500000
vt 0.625000 0.250000
vt 0.875000 0.750000
vt 0.625000 1.000000
vn 0.0000 1.0000 -0.0000
vn -0.0490 0.0000 0.9988
vn -0.9988 0.0000 -0.0490
vn 0.0000 -1.0000 0.0000
vn 0.9988 0.0000 0.0490
vn 0.0490 0.0000 -0.9988
usemtl Material.004
s off
f 37/68/25 35/69/25 33/70/25
f 35/69/26 40/71/26 36/72/26
f 39/73/27 38/74/27 40/75/27
f 34/76/28 40/77/28 38/78/28
f 33/70/29 36/72/29 34/76/29
f 37/79/30 34/76/30 38/74/30
f 37/68/25 39/80/25 35/69/25
f 35/69/26 39/81/26 40/71/26
f 39/73/27 37/79/27 38/74/27
f 34/76/28 36/72/28 40/77/28
f 33/70/29 35/69/29 36/72/29
f 37/79/30 33/70/30 34/76/30
o Cube.005
v 2.016901 -0.217943 -1.977300
v 2.016901 -1.038700 -1.977300
v 2.177094 -0.217943 -1.114187
v 2.177094 -1.038700 -1.114187
v 1.077478 -0.217943 -1.802944
v 1.077478 -1.038700 -1.802944
v 1.237672 -0.217943 -0.939831
v 1.237672 -1.038700 -0.939831
vt 0.875000 0.500000
vt 0.625000 0.750000
vt 0.625000 0.500000
vt 0.375000 1.000000
vt 0.375000 0.750000
vt 0.625000 0.000000
vt 0.375000 0.250000
vt 0.375000 0.000000
vt 0.375000 0.500000
vt 0.125000 0.750000
vt 0.125000 0.500000
vt 0.625000 0.250000
vt 0.875000 0.750000
vt 0.625000 1.000000
vn 0.0000 1.0000 0.0000
vn 0.1825 0.0000 0.9832
vn -0.9832 0.0000 0.1825
vn 0.0000 -1.0000 -0.0000
vn 0.9832 0.0000 -0.1825
vn -0.1825 0.0000 -0.9832
usemtl Material.005
s off
f 45/82/31 43/83/31 41/84/31
f 43/83/32 48/85/32 44/86/32
f 47/87/33 46/88/33 48/89/33
f 42/90/34 48/91/34 46/92/34
f 41/84/35 44/86/35 42/90/35
f 45/93/36 42/90/36 46/88/36
f 45/82/31 47/94/31 43/83/31
f 43/83/32 47/95/32 48/85/32
f 47/87/33 45/93/33 46/88/33
f 42/90/34 44/86/34 48/91/34
f 41/84/35 43/83/35 44/86/35
f 45/93/36 41/84/36 42/90/36
o Cube.006
v 2.222275 -0.217943 -0.780964
v 2.222275 -1.038700 -0.780964
v 2.539514 -0.217943 0.037562
v 2.539514 -1.038700 0.037562
v 1.331381 -0.217943 -0.435677
v 1.331381 -1.038700 -0.435677
v 1.648620 -0.217943 0.382849
v 1.648620 -1.038700 0.382849
vt 0.875000 0.500000
vt 0.625000 0.750000
vt 0.625000 0.500000
vt 0.375000 1.000000
vt 0.375000 0.750000
vt 0.625000 0.000000
vt 0.375000 0.250000
vt 0.375000 0.000000
vt 0.375000 0.500000
vt 0.125000 0.750000
vt 0.125000 0.500000
vt 0.625000 0.250000
vt 0.875000 0.750000
vt 0.625000 1.000000
vn 0.0000 1.0000 0.0000
vn 0.3614 0.0000 0.9324
vn -0.9324 0.0000 0.3614
vn 0.0000 -1.0000 0.0000
vn 0.9324 0.0000 -0.3614
vn -0.3614 0.0000 -0.9324
usemtl Material.006
s off
f 53/96/37 51/97/37 49/98/37
f 51/97/38 56/99/38 52/100/38
f 55/101/39 54/102/39 56/103/39
f 50/104/40 56/105/40 54/106/40
f 49/98/41 52/100/41 50/104/41
f 53/107/42 50/104/42 54/102/42
f 53/96/37 55/108/37 51/97/37
f 51/97/38 55/109/38 56/99/38
f 55/101/39 53/107/39 54/102/39
f 50/104/40 52/100/40 56/105/40
f 49/98/41 51/97/41 52/100/41
f 53/107/42 49/98/42 50/104/42
